cam0:
  T_cam_imu:
  - [-0.5351931786061501, -0.7246068565125189, -0.4341810279923513, -0.10575940414094827]
  - [0.14619658777658862, 0.4267780694841282, -0.8924612244405279, -0.03491294677338608]
  - [0.8319824633343731, -0.5411149442608751, -0.12247366166495638, 0.3562942018672366]
  - [0.0, 0.0, 0.0, 1.0]
  camera_model: pinhole
  distortion_coeffs: [0.31205856, 0.23307093, -0.13151944, 0.12435412]
  distortion_model: equidistant
  intrinsics: [530.00468109, 521.86027041, 428.96714026, 248.36783979]
  resolution: [856, 480]
  rostopic: /bebop/image_mono
  timeshift_cam_imu: -1.961047260414275
