cam0:
  T_cam_imu:
  - [0.025492514798655164, 0.9981738390557167, -0.05476421015602939, -0.024948010756973258]
  - [-0.2305024237597873, 0.05917502727059204, 0.9712707906595304, 0.08447917022768205]
  - [0.9727377675047396, -0.012136851828134454, 0.23159000949436087, -0.12258183330060875]
  - [0.0, 0.0, 0.0, 1.0]
  camera_model: pinhole
  distortion_coeffs: [0.004974, -0.00013, -0.001212, 0.002192]
  distortion_model: radtan
  intrinsics: [539.403503, 529.838562, 429.275072, 238.941372]
  resolution: [856, 480]
  rostopic: /bebop/image_mono
  timeshift_cam_imu: -0.1213698941666636
