cam0:
  T_cam_imu:
  - [0.28460673149380505, -0.6674068461250804, -0.6881621248904841, -0.12849894775165474]
  - [0.921737515641371, -0.006751480719978276, 0.38775555414121493, 0.13315852984403959]
  - [-0.26343682477528857, -0.7446626882377421, 0.613252411408918, 0.32129377378121593]
  - [0.0, 0.0, 0.0, 1.0]
  camera_model: pinhole
  distortion_coeffs: [0.31205856, 0.23307093, -0.13151944, 0.12435412]
  distortion_model: equidistant
  intrinsics: [530.00468109, 521.86027041, 428.96714026, 248.36783979]
  resolution: [856, 480]
  rostopic: /bebop/image_mono
  timeshift_cam_imu: -0.5381545826406632
