cam0:
  T_cam_imu:
  - [-0.0992737445984545, -0.03247478982373107, -0.9945300959042447, -0.0823342344037877]
  - [-0.024111058472856307, 0.9992523574148587, -0.03022222791533957, 0.015264758501166329]
  - [0.9947680033518971, 0.020978899560098924, -0.09998252487573989, 0.42206554072582625]
  - [0.0, 0.0, 0.0, 1.0]
  camera_model: pinhole
  distortion_coeffs: [0.31205856, 0.23307093, -0.13151944, 0.12435412]
  distortion_model: equidistant
  intrinsics: [530.00468109, 521.86027041, 428.96714026, 248.36783979]
  resolution: [856, 480]
  rostopic: /bebop/image_mono
  timeshift_cam_imu: -3.813369470246082
