cam0:
  T_cam_imu:
  - [-0.5351357476049764, -0.724587976776909, -0.43428331253412333, -0.10689851949079152]
  - [0.14592169683917294, 0.42707236066014265, -0.8923654280348112, -0.034334809352156215]
  - [0.8320676595246578, -0.540907998342159, -0.12280857992273761, 0.3591021597954434]
  - [0.0, 0.0, 0.0, 1.0]
  camera_model: pinhole
  distortion_coeffs: [0.31205856, 0.23307093, -0.13151944, 0.12435412]
  distortion_model: equidistant
  intrinsics: [530.00468109, 521.86027041, 428.96714026, 248.36783979]
  resolution: [856, 480]
  rostopic: /bebop/image_mono
  timeshift_cam_imu: -1.9610495678003805
