cam0:
  T_cam_imu:
  - [0.0131807710789007, 0.9977082268204387, -0.0663668698115355, -0.047633696601878266]
  - [-0.22176516768932714, 0.06763651668926018, 0.9727515160665994, 0.11836142636281002]
  - [0.9750110141293223, 0.001896244962843463, 0.22214843366891118, -0.1892051424005954]
  - [0.0, 0.0, 0.0, 1.0]
  camera_model: pinhole
  distortion_coeffs: [0.004974, -0.00013, -0.001212, 0.002192]
  distortion_model: radtan
  intrinsics: [539.403503, 529.838562, 429.275072, 238.941372]
  resolution: [856, 480]
  rostopic: /bebop/image_mono
  timeshift_cam_imu: -0.12181589270899755
