cam0:
  T_cam_imu:
  - [0.2822010767621219, -0.6707220149853647, -0.6859260389344249, -0.13227271644193236]
  - [0.9228147270997257, -0.005667063734162925, 0.3852023673817319, 0.13669219964540197]
  - [-0.2622508946069714, -0.7416871732763106, 0.6173529017306373, 0.3325263881663956]
  - [0.0, 0.0, 0.0, 1.0]
  camera_model: pinhole
  distortion_coeffs: [0.31205856, 0.23307093, -0.13151944, 0.12435412]
  distortion_model: equidistant
  intrinsics: [530.00468109, 521.86027041, 428.96714026, 248.36783979]
  resolution: [856, 480]
  rostopic: /bebop/image_mono
  timeshift_cam_imu: -0.5381707714701117
