cam0:
  T_cam_imu:
  - [-0.33408501304806226, 0.9089738497185449, 0.24930652736043885, 0.025995004179389037]
  - [0.08462253230822331, -0.2345097152521599, 0.9684235749289108, 0.03458257406915047]
  - [0.9387365078031304, 0.34463275233238655, 0.0014265123147775144, 0.23505126925655861]
  - [0.0, 0.0, 0.0, 1.0]
  camera_model: pinhole
  distortion_coeffs: [0.004746534251003806, -0.011556249648184684, -0.01437692133768232,
    -0.0008950781903423704]
  distortion_model: equidistant
  intrinsics: [535.1677324604851, 527.8412168979511, 426.2612583571855, 217.1351538711907]
  resolution: [856, 480]
  rostopic: /bebop/image_mono
  timeshift_cam_imu: -0.1096330406890258
