rostopic: /imu
update_rate: 100.0 #Hz


accelerometer_noise_density: 4.0664692765802188e-02
accelerometer_random_walk: 3.1131164506474338e-03
gyroscope_noise_density: 3.5975959810655230e-03
gyroscope_random_walk: 1.1442462033571155e-04
