cam0:
  T_cam_imu:
  - [0.1707780804897417, -0.8808541755740944, -0.44150964723086294, -0.20009202644708848]
  - [0.9621304237192914, 0.05246003969863017, 0.2674939101896608, 0.07713787824061748]
  - [-0.21246151411014536, -0.47047196049127077, 0.8564556260621585, 0.7741339726809264]
  - [0.0, 0.0, 0.0, 1.0]
  camera_model: pinhole
  distortion_coeffs: [0.31205856, 0.23307093, -0.13151944, 0.12435412]
  distortion_model: equidistant
  intrinsics: [530.00468109, 521.86027041, 428.96714026, 248.36783979]
  resolution: [856, 480]
  rostopic: /bebop/image_mono
  timeshift_cam_imu: -0.5385372082680885
