%YAML:1.0
---
model_type: PINHOLE
camera_name: camera
image_width: 1280
image_height: 720
distortion_parameters:
   k1: 1.8761054710146349e-01
   k2: -2.4006781263259958e-01
   p1: 2.6305510793417806e-03
   p2: -3.0186153675305536e-04
projection_parameters:
   fx: 1.0173175361810511e+03
   fy: 9.9281452145067647e+02
   cx: 6.3204880066225348e+02
   cy: 3.6125534400859544e+02
